0 inf
0.1 inf
0.2 inf
0.3 inf
0.4 inf
0.5 inf
0.6 inf
0.7 inf
0.8 inf
0.9 inf
1 inf
1.1 2362.46
1.2 2282.39
1.3 2212.49
1.4 2151.24
1.5 2097.45
1.6 2050.15
1.7 2008.56
1.8 1972.03
1.9 1940
2 1912.01
2.1 1887.67
2.2 1866.65
2.3 1848.64
2.4 1833.38
2.5 1820.67
2.6 1810.28
2.7 1802.06
2.8 1795.83
2.9 1791.47
3 1788.84
3.1 1787.83
3.2 1788.34
3.3 1790.28
3.4 1793.55
3.5 1798.09
3.6 1803.82
3.7 1810.67
3.8 1818.59
3.9 1827.51
4 1837.4
4.1 1848.2
4.2 1859.86
4.3 1872.36
4.4 1885.64
4.5 1899.67
4.6 1914.43
4.7 1929.87
4.8 1945.98
4.9 1962.71
5 1980.06
5.1 1997.99
5.2 2016.47
5.3 2035.5
5.4 2055.05
5.5 2075.1
5.6 2095.62
5.7 2116.62
5.8 2138.06
5.9 2159.94
6 2182.23
